4
Years_to_retire
Expected_return_on_investments(%)
Annual_contributions(in hundreds)
Traditional
Roth
50 20 55 1 
50 20 30 1 
50 20 10 1 
30 20 55 1 
30 20 30 1 
30 20 10 1 
69 15 55 1 
69 15 30 1 
69 15 10 1 
50 15 55 1 
50 15 30 1 
50 15 10 1 
30 15 55 1 
30 15 30 1 
30 15 10 1 
50 07 55 1 
50 07 30 1 
50 07 10 1 
10 15 55 0 
10 15 30 0 
10 15 10 0 
30 07 55 0 
30 07 30 0 
30 07 10 0 
10 07 55 0 
10 07 30 0 
10 07 10 0 
50 03 55 0 
50 03 30 0 
50 03 10 0 
30 03 55 0 
30 03 30 0 
30 03 10 0 
10 03 55 0 
10 03 30 0 
10 03 10 0
